Date/Time: 2020-04-01 21:20:35.119997, Messages: 0, New members: 0
Date/Time: 2020-04-01 22:20:35.119996, Messages: 0, New members: 0
Date/Time: 2020-04-01 23:03:35.046704, Messages: 0, New members: 0
Date/Time: 2020-04-02 03:09:49.291401, Messages: 0, New members: 0
